Ticker,MMBuy,MMSell,AI1-Average,AI1-AskAmt,AI1-AskPrice,AI1-AskAvail,AI1-BidAmt,AI1-BidPrice,AI1-BidAvail,CI1-Average,CI1-AskAmt,CI1-AskPrice,CI1-AskAvail,CI1-BidAmt,CI1-BidPrice,CI1-BidAvail,CI2-Average,CI2-AskAmt,CI2-AskPrice,CI2-AskAvail,CI2-BidAmt,CI2-BidPrice,CI2-BidAvail,NC1-Average,NC1-AskAmt,NC1-AskPrice,NC1-AskAvail,NC1-BidAmt,NC1-BidPrice,NC1-BidAvail,NC2-Average,NC2-AskAmt,NC2-AskPrice,NC2-AskAvail,NC2-BidAmt,NC2-BidPrice,NC2-BidAvail,IC1-Average,IC1-AskAmt,IC1-AskPrice,IC1-AskAvail,IC1-BidAmt,IC1-BidPrice,IC1-BidAvail
AAR,,,16000,,,0,2,15000,9,11000,,,0,20,4500.009765625,20,6839.64013671875,,,0,,,0,19000,1,19000,11,20,7500,50,6839.64013671875,,,0,,,0,18000,,,0,,,0
ABH,,,80000,253,80000,253,6,50000.01171875,22,55000,5,60000,5,10,52000,55,24309.869140625,,,0,,,0,40000.01171875,18,48000,134,4,40000.01171875,8,24309.869140625,,,0,,,0,55000,2,59000,17,,,0
ACS,,,250000,4,250000,4,,,0,75144.5390625,,,0,,,0,75144.5390625,,,0,,,0,300000,,,0,,,0,75144.5390625,,,0,,,0,75144.5390625,,,0,,,0
ADE,,,54839,6,54828,237,6,45000.01171875,22,38000,2,54824.44140625,25,2,38000,2,21448.439453125,,,0,,,0,40000.01171875,6,49000,109,2,40000.01171875,6,21448.439453125,,,0,,,0,66666,10,65000,17,2,25000,2
ADR,48000,,48001,4,50000,6,20,48001,120,48000,1,48999.98828125,11,100,48000,100,29454.05078125,,,0,,,0,48000,,,0,100,48000,100,29454.05078125,,,0,,,0,50000,,,0,100,48000,100
ADS,,,110000,,,0,,,0,200000,1,200000,1,,,0,55441.69921875,,,0,,,0,150000,,,0,,,0,55441.69921875,,,0,,,0,102500,,,0,,,0
AEF,,,3100,149,5000,149,32,2800,372,2110.7099609375,15,3280,38,47,2110.7099609375,119,1800,,,0,,,0,3324.860107421875,4,3390,1066,16,2820,53,2124.820068359375,30,2600,30,,,0,2500,52,2500,248,20,2400,37
AEN,,,978596.25,,,0,,,0,978596.25,,,0,,,0,978596.25,,,0,,,0,978596.25,1,750000,1,,,0,978596.25,,,0,,,0,978596.25,,,0,,,0
AFP,,,134854.125,,,0,,,0,134854.125,,,0,,,0,134854.125,,,0,,,0,134854.125,,,0,,,0,134854.125,,,0,,,0,134854.125,,,0,,,0
AFR,,,7837.64013671875,,,0,,,0,5000,,,0,,,0,7837.64013671875,,,0,,,0,20000,11,20000,11,,,0,7837.64013671875,,,0,,,0,7837.64013671875,5,19594,5,,,0
AGS,,,221720.1875,,,0,1,250000,1,221720.1875,,,0,1,250000,1,221720.1875,,,0,,,0,250000,2,300000,2,,,0,221720.1875,,,0,,,0,221720.1875,,,0,,,0
AHP,,,5000,6,5000,6,,,0,5566.330078125,,,0,,,0,5566.330078125,,,0,,,0,5566.330078125,2,8000,132,,,0,5566.330078125,,,0,,,0,5566.330078125,,,0,,,0
AIR,185000,,91614.84375,,,0,100,185000,100,91614.84375,,,0,100,185000,100,91614.84375,,,0,,,0,185000.015625,,,0,100,185000,100,91614.84375,,,0,,,0,185000,,,0,100,185000,100
AL,,,527.9500122070312,185,525,3308,366,470,6603,642,620,641,1292,70,526,668,275,103,500,103,231,27.5,231,526,157,574,8609,132,529,3553,399,45,399,313,,,0,545.1599731445312,18,510,2893,82,401.20001220703125,598
ALE,,,1829.77001953125,172,1945,988,16,1100,1986,1450,7,1700,52,45,1450,173,750,,,0,,,0,1700,8,1700,268,3,1021,1001,1250,100,900,226,,,0,1201.010009765625,105,1500,105,50,1202,1672
ALG,80,,120,24,135,24,63,120,967,140,127,140,127,500,110,1160,85,,,0,1000,90,1000,178.16000366210938,57,175,1075,10,130,1869,133.72999572753906,,,0,,,0,180,,,0,28,103,1318
ALO,42,,74.98999786376953,364,74.98999786376953,3548,50,57,13673,129,271,129,2731,298,101.5,2213,50,,,0,,,0,100,18,129,12223,642,100,3765,70,,,0,,,0,109,116,109,5933,69,90,1614
AMM,61,,200,20,200,1443,50,130.02000427246094,2087,149.8000030517578,8,125,9494,12,86,414,150,100,150,100,655,61.0099983215332,655,130,82,130,5707,49,99.12000274658203,1203,130,20,120,89,,,0,149.99000549316406,56,149.99000549316406,10470,100,117,1437
ANZ,,,70833.640625,,,0,,,0,70833.640625,,,0,,,0,70833.640625,,,0,,,0,70833.640625,,,0,,,0,70833.640625,,,0,,,0,70833.640625,,,0,,,0
APT,,,8370.4501953125,,,0,,,0,8370.4501953125,,,0,,,0,8370.4501953125,,,0,,,0,8370.4501953125,82,20000,82,,,0,8370.4501953125,,,0,,,0,8370.4501953125,,,0,,,0
AR,,,148,81,147.9499969482422,2354,20,109,1405,99.2699966430664,490,111,4375,56,85,174,285.7099914550781,,,0,,,0,173,265,169,4738,14,86.0999984741211,484,300,600,270,650,,,0,300,11,300,446,40,83.01000213623047,140
ARP,,,5869.1201171875,,,0,,,0,5869.1201171875,,,0,,,0,5869.1201171875,,,0,,,0,5869.1201171875,32,14169.1201171875,32,,,0,5869.1201171875,,,0,,,0,5869.1201171875,,,0,,,0
ASE,,,75000,8,72000,151,4,50000.01171875,26,55000,3,54886.66015625,36,3,41000,33,19715.48046875,,,0,,,0,38000.01171875,5,43000,212,3,38000.01171875,21,19715.48046875,,,0,,,0,52000,1,52000,4,,,0
AST,,,1792.8599853515625,103,1800,103,100,1250,200,2100,,,0,,,0,1629.8599853515625,,,0,,,0,2500,346,2400,533,10,1500,10,1629.8599853515625,,,0,,,0,1629.8599853515625,20,2200,20,,,0
ATA,,,35000.01171875,5,38900,92,2,35000.01171875,34,39956.05078125,,,0,4,38000,26,15057.51953125,,,0,,,0,34130.1796875,8,44500,71,4,32000.009765625,16,15057.51953125,,,0,,,0,50000,7,49000,7,,,0
ATP,,,12416.009765625,,,0,,,0,12416.009765625,,,0,,,0,12416.009765625,,,0,,,0,12416.009765625,52,12416.009765625,72,,,0,12416.009765625,,,0,,,0,12416.009765625,,,0,,,0
AU,,,1000,10,1100,110,31,1000,67,1600,4,2000,4,10,1222,20,627.3300170898438,,,0,,,0,2329.969970703125,20,2500,52,,,0,627.3300170898438,,,0,,,0,1636.3599853515625,10,7500,10,,,0
AUO,137,,250,554,275,828,150,215,1476,310,17,400,24,120,200,799,108.2699966430664,,,0,,,0,350,15,350,621,100,210,5250,108.2699966430664,,,0,,,0,250,3,249,3,85,170.02000427246094,505
AWF,,,3000,,,0,,,0,6000,,,0,,,0,2969.239990234375,,,0,,,0,2000,,,0,2,2000,2,2969.239990234375,,,0,,,0,2969.239990234375,14,6200,14,,,0
AWH,,,10563.259765625,,,0,,,0,10563.259765625,,,0,,,0,10563.259765625,,,0,,,0,10563.259765625,24,26000,120,,,0,10563.259765625,,,0,,,0,10563.259765625,,,0,,,0
BAC,,,1000,,,0,,,0,3000,10,2800,22,20,900,46,1288.9000244140625,,,0,,,0,1997,395,1998,405,35,1005.0999755859375,45,1288.9000244140625,,,0,,,0,800,10,2000,10,80,800,80
BAI,,,6845.89990234375,,,0,,,0,13000,8,13000,8,,,0,6845.89990234375,,,0,,,0,10000,15,10000,53,,,0,6845.89990234375,,,0,,,0,6845.89990234375,,,0,,,0
BBH,750,2400,1680,76,1680,1224,3,1575.02001953125,292,1998,14,1997.989990234375,624,10,1750.010009765625,268,1700,4,1700,4,,,0,1775.5400390625,5,1798,651,20,1610.06005859375,2306,1300,8,1200,278,,,0,1201,73,2148,487,10,1201.010009765625,359
BCO,,,500,30,550,1030,190,300,1690,380,90,1119.260009765625,1620,40,380,10040,304.3599853515625,,,0,,,0,428.95001220703125,350,435,350,400,350,400,304.3599853515625,,,0,,,0,474.989990234375,,,0,,,0
BDE,,,1888,25,1880,528,2,1656.010009765625,690,1533.989990234375,3,1533,1488,10,1150.010009765625,559,1550,22,1550,22,,,0,1458.9599609375,12,1420,1418,40,1260.06005859375,1880,2350,10,1200,252,,,0,1320.010009765625,12,1597.989990234375,749,8,1320.010009765625,469
BE,,,3188.669921875,3,3275,205,3,1800,133,2100,106,2950,106,4,2000,4,1194,,,0,,,0,2500,1,3600,1683,,,0,1194,,,0,,,0,2749.989990234375,75,2749.989990234375,260,,,0
BEA,,,121,22,135,480,58,121,1782,110,13,119.94999694824219,126,115,110,1363,84,,,0,,,0,199.97999572753906,14,199.99000549316406,108,30,120.27999877929688,2214,100,156,100,156,24,90,24,112.0999984741211,264,114,1013,62,112,1956
BER,,,422,150,450,561,18,422,322,500,300,1250,300,100,325,244,20,,,0,,,0,377.0400085449219,62,394,2871,,,0,117.55000305175781,,,0,,,0,400,516,400,1102,100,280,310
BFP,,,20238.900390625,,,0,,,0,20238.900390625,,,0,,,0,20238.900390625,,,0,,,0,20238.900390625,,,0,,,0,20238.900390625,,,0,,,0,20238.900390625,,,0,,,0
BFR,,,1500,2,1750,2,26,1500,26,1500,132,1500,132,,,0,2539.510009765625,,,0,,,0,1999.989990234375,1,1900,5,,,0,2539.510009765625,,,0,,,0,3000,1,2900,6,,,0
BGC,,,450,30,480,140,170,450,1170,380,99,550,99,70,380,270,324.989990234375,,,0,,,0,400,60,400,1150,100,390,380,324.989990234375,,,0,,,0,688.8599853515625,30,685,350,,,0
BGO,,,1800,5,2300,94,20,1100,123,1250,10,3500,10,20,1250,20,766.97998046875,,,0,,,0,4444.43994140625,120,1500,312,3,1000,3,766.97998046875,,,0,,,0,1500,10,3600,13,,,0
BGS,,,88306.3984375,,,0,1,60000,1,63000,,,0,,,0,88306.3984375,,,0,,,0,60000,,,0,1,60000,1,88306.3984375,,,0,,,0,88306.3984375,,,0,1,60000,1
BHP,,,2950,49,2750,189,2,2300,178,2999.6298828125,10,3499,27,6,3000,42,1500,,,0,,,0,3649,11,3649,1233,5,3500,107,1600,,,0,,,0,3000,25,4500,145,12,2600,108
BID,,,25000,,,0,,,0,24566.470703125,,,0,,,0,24566.470703125,,,0,,,0,40000,,,0,,,0,24566.470703125,,,0,,,0,24566.470703125,,,0,,,0
BL,,,8000,20,12000,20,,,0,4375,2,10937.5,2,6,2800,16,3004.719970703125,,,0,,,0,6500,,,0,12,5000,72,3004.719970703125,,,0,,,0,5000,,,0,20,5000,40
BLE,,,1500,9,1989,30,,,0,900,27,1700,43,10,900.010009765625,17,1821.280029296875,,,0,,,0,1200,39,1500,64,5,1100,9,1821.280029296875,,,0,,,0,700,2,1100,8,20,500,20
BMF,,,20000,1,20000,8,3,17000,4,25000,,,0,4,10000,4,11077.5703125,,,0,,,0,26012.7890625,,,0,2,22000,6,11077.5703125,,,0,,,0,15000,,,0,,,0
BND,,,274.30999755859375,,,0,,,0,274.30999755859375,,,0,,,0,274.30999755859375,,,0,,,0,400,,,0,,,0,274.30999755859375,,,0,,,0,274.30999755859375,40,600,200,,,0
BOR,,,350,200,350,200,10,280,122,350,152,350,444,20,290,495,117.55000305175781,,,0,,,0,495,82,495,793,50,365,710,75,729,10000,1185,50,130,250,250,12,344,12,100,150,200
BOS,,,6000,,,0,,,0,5500,4,4750,24,,,0,1914.6800537109375,,,0,,,0,3750,2,4800,151,120,1500,120,1914.6800537109375,,,0,,,0,1914.6800537109375,,,0,,,0
BPT,,,2656.85009765625,,,0,,,0,2656.85009765625,,,0,,,0,2656.85009765625,,,0,,,0,3000,,,0,5,3500,8,2656.85009765625,,,0,,,0,3000,,,0,3,3000,3
BR1,,,500000,,,0,,,0,470000,,,0,1,470000,1,255340.484375,,,0,,,0,625000,1,650000,1,1,375000,1,255340.484375,,,0,,,0,450000,,,0,,,0
BR2,,,343143.09375,,,0,,,0,343143.09375,,,0,,,0,343143.09375,,,0,,,0,343143.09375,1,857857.75,3,,,0,343143.09375,,,0,,,0,343143.09375,,,0,,,0
BRM,,,80,233,139,1176,180,86,180,150,,,0,64,150,743,51.43000030517578,200,110,546,,,0,148.05999755859375,89,160,405,100,110,964,40,177,100,378,400,40,400,90,200,100,1236,200,50,200
BRO,,,1750,12,2200,12,50,1000,75,1200,,,0,19,1200,19,836.489990234375,,,0,,,0,1950,71,8871.83984375,71,500,1500,500,836.489990234375,,,0,,,0,1800,5,1800,67,,,0
BRP,,,3225.530029296875,,,0,,,0,3225.530029296875,,,0,,,0,3225.530029296875,,,0,,,0,3225.530029296875,,,0,,,0,3225.530029296875,,,0,,,0,3225.530029296875,,,0,,,0
BRS,,,250000,,,0,1,200000,1,190000,,,0,,,0,127983.546875,,,0,,,0,167000,,,0,1,300000,1,127983.546875,,,0,,,0,193000,,,0,,,0
BSC,,,28500,,,0,,,0,14624.330078125,,,0,,,0,14624.330078125,,,0,,,0,15001,20,19000,20,,,0,14624.330078125,,,0,,,0,14624.330078125,,,0,,,0
BSE,475,1550,1275,75,1270,2873,5,1220.010009765625,5352,1496,10,1495,311,12,1450,465,1500,,,0,2,1200,32,1429,18,1429,5700,10,1251.010009765625,2001,900,1,900,255,20,500,20,1400,162,1498.8800048828125,4146,10,1350.010009765625,814
BTA,500,1600,995,156,1250,260,23,990,526,1110.800048828125,39,1110.800048828125,469,2,550.010009765625,196,500,,,0,,,0,999.989990234375,4,999.989990234375,579,27,900,443,890,20,890,227,,,0,805,9,1100,332,6,805,131
BTS,,,430,,,0,100,500,330,475,112,475,2046,100,310,100,100.3499984741211,,,0,,,0,450,505,450,3823,10,350,10,100.3499984741211,,,0,,,0,400,100,1500,100,50,400,50
BWH,,,5000,,,0,,,0,3769.89990234375,,,0,,,0,3769.89990234375,,,0,,,0,5000,8,4950,9,,,0,3769.89990234375,,,0,,,0,3769.89990234375,,,0,,,0
BWS,,,25000,4,21000,15,2,20000,17,30000,,,0,2,15000,7,8697.1298828125,,,0,,,0,33000,,,0,10,20000,20,8697.1298828125,,,0,,,0,20000,,,0,4,20000,4
C,225,,390.010009765625,346,450,4494,7,390.010009765625,1490,400,95,400,14478,100,380,8709,350,36,350,36,,,0,394.9599914550781,505,394.9599914550781,7843,200,352.1000061035156,4682,350,92,500,122,,,0,316.010009765625,176,348.9700012207031,4569,166,316.010009765625,4620
CA,,,390,4,600,4,100,50,100,256.6700134277344,1,390,216,2,240.00999450683594,137,1008.4000244140625,,,0,,,0,200,21,350,69,3,125,98,1008.4000244140625,,,0,,,0,595.8099975585938,,,0,5,50,5
CAF,,,660,100,650,364,100,451,120,600,54,600,872,6,502.54998779296875,301,780,,,0,10,780,10,750,421,750,1680,50,600,734,782.97998046875,,,0,4,800,4,830,43,830,6110,1,800,456
CAP,,,126.45999908447266,15,120,1533,,,0,150,,,0,,,0,143.9499969482422,,,0,,,0,100,38,104,288,240,100,250,143.9499969482422,,,0,,,0,195,15,195,295,,,0
CBL,87000,,88000,3,110000,17,2,87002,119,87001,1,90999,10,1,87001,101,43824.359375,,,0,,,0,87000,3,88000,13,100,87000,100,43824.359375,,,0,,,0,87000,5,98500,8,100,87000,100
CBM,60000,,70000,4,70000,22,10,60001,110,60000,2,65000,8,100,60000,100,29642.349609375,,,0,,,0,60000,84,100000,84,100,60000,100,29642.349609375,,,0,,,0,60000,2,65000,4,100,60000,100
CBS,,,40001,10,42000,27,4,40001,114,40000,6,46000,15,100,40000,100,17970.41015625,,,0,,,0,40000,93,65000,98,100,40000,100,17970.41015625,,,0,,,0,40000,1,50000,2,100,40000,100
CC,,,332495.9375,,,0,100,300000,100,332495.9375,,,0,100,300000,100,332495.9375,,,0,,,0,300000,,,0,100,300000,100,332495.9375,,,0,,,0,332495.9375,,,0,100,300000,100
CCD,55000,,55000,,,0,100,55000,100,55000,1,59999.98828125,12,100,55000,100,27535.919921875,,,0,,,0,55000,,,0,100,55000,100,27535.919921875,,,0,,,0,55000,,,0,100,55000,100
CD,,,7000,,,0,,,0,12000,,,0,,,0,7735.06005859375,,,0,,,0,1000,1,4000,1,,,0,7735.06005859375,,,0,,,0,7735.06005859375,,,0,,,0
CF,,,2750,,,0,179,3000,179,3000,8,3000,8,,,0,3377.47998046875,,,0,,,0,3000,20,2950,65,,,0,3377.47998046875,,,0,,,0,2000,3,4097,30,23,2000,23
CHA,,,21056.5703125,,,0,,,0,12000,,,0,,,0,21056.5703125,,,0,,,0,30000,,,0,,,0,21056.5703125,,,0,,,0,12500,,,0,,,0
CL,,,2500,,,0,100,2500,135,2500.3701171875,87,4800,123,70,2500,235,2212.429931640625,,,0,,,0,2699,202,2725,343,74,2500,272,1650,13,1650,113,25,1300,25,2776.25,56,2815,163,50,1600,50
CLI,51,,150,711,250,738,50,81,507,95,1,99,977,42,65,1261,51.43000030517578,,,0,,,0,90.01000213623047,408,148,2415,464,90.01000213623047,1713,150,,,0,143,150,143,68.01000213623047,326,95.98999786376953,1491,300,68.01000213623047,581
COF,,,469.989990234375,794,469.989990234375,13210,8,421,1176,432.19000244140625,34,435,16469,200,383,1699,395,,,0,,,0,400,1689,400,24597,7,387.20001220703125,327,499,4264,499,4264,33,400,113,335,762,385,28355,80,335,2910
COM,,,175000,,,0,1,175000,1,300000,1,300000,1,,,0,37644.23046875,,,0,,,0,120000,,,0,1,81000,3,37644.23046875,,,0,,,0,37644.23046875,,,0,,,0
COT,,,1999,10,1900,213,50,1501,102,1264.2900390625,9,1495.93994140625,306,19,1264.2900390625,84,1698.0400390625,10,1500,10,,,0,2168.06005859375,10,2800,46,16,1800,60,2000,,,0,,,0,1010,10,1719,119,83,1010,86
CQL,,,1000000,,,0,,,0,641697.3125,,,0,,,0,641697.3125,,,0,,,0,641697.3125,,,0,,,0,641697.3125,,,0,,,0,641697.3125,,,0,,,0
CQM,,,1000000,,,0,,,0,700000,1,700000,2,,,0,486497.15625,,,0,,,0,750000,,,0,,,0,486497.15625,,,0,,,0,860000,,,0,,,0
CQS,,,780000,1,780000,1,,,0,780000,,,0,,,0,381973.59375,,,0,,,0,675000,1,675000,2,,,0,381973.59375,,,0,,,0,780000,,,0,,,0
CQT,,,170000,,,0,,,0,150000,,,0,,,0,109265.2421875,,,0,,,0,150000,,,0,,,0,109265.2421875,,,0,,,0,48000,,,0,,,0
CRU,150000,,140199.15625,,,0,100,150000,100,140199.15625,,,0,100,150000,100,140199.15625,,,0,,,0,140199.15625,,,0,100,150000,100,140199.15625,,,0,,,0,140199.15625,,,0,100,150000,100
CST,,,2942.81005859375,,,0,,,0,480,,,0,,,0,2942.81005859375,,,0,,,0,50,,,0,1,50,1,2942.81005859375,,,0,,,0,2942.81005859375,10,2442,19,,,0
CTF,,,16000,,,0,15,11000,15,24000,,,0,12,20000,12,10124.5595703125,,,0,,,0,17000,127,20000,127,,,0,10124.5595703125,,,0,,,0,44000,5,49069,20,,,0
CU,,,1328.4000244140625,54,1400,106,50,1100,121,990,72,1800,72,25,990,75,560.739990234375,,,0,,,0,1160,147,1480,211,44,1160,189,560.739990234375,,,0,,,0,900,150,2300,150,10,850,10
CUO,63,,199,473,199,3111,500,186.00999450683594,4476,300,500,747.3699951171875,1000,50,203.50999450683594,689,63.29999923706055,,,0,,,0,620.280029296875,258,657.3499755859375,458,50,325,938,63.29999923706055,738,10000,738,,,0,250,26,330,850,200,115.01000213623047,640
DA,,,30000,,,0,,,0,39000,2,40000,3,,,0,26241.5703125,,,0,,,0,44000,16,39500,50,,,0,26241.5703125,,,0,,,0,26241.5703125,1,60000,1,,,0
DCH,,,9000,,,0,,,0,8802.490234375,37,13000,37,,,0,8802.490234375,,,0,,,0,8802.490234375,,,0,,,0,8802.490234375,,,0,,,0,8802.490234375,,,0,,,0
DCL,,,2400,,,0,10,2400,10,3472.8798828125,10,3959.280029296875,12,,,0,3538.300048828125,,,0,,,0,2500,38,2500,78,,,0,3538.300048828125,,,0,,,0,4000,,,0,,,0
DCM,,,2700,,,0,100,1800,100,1500,,,0,36,1400,36,2267.81005859375,,,0,,,0,2500,81,1800,81,,,0,2267.81005859375,,,0,,,0,2000,,,0,,,0
DCS,,,595,,,0,80,400,80,900,14,1000,134,25,800,367,861.1300048828125,,,0,,,0,1000,,,0,12,700,12,861.1300048828125,,,0,,,0,800,,,0,,,0
DD,,,26708.400390625,,,0,,,0,26708.400390625,6,18500,7,,,0,26708.400390625,,,0,,,0,26708.400390625,2,30000,2,,,0,26708.400390625,,,0,,,0,26708.400390625,,,0,,,0
DDT,,,2266.969970703125,30,3000,30,10,2199,24,1860.02001953125,194,2199,344,217,1860.02001953125,378,2318.090087890625,,,0,,,0,2850,120,2700,706,15,2430,301,2250,39,2500,39,,,0,3000,2,3000,2,75,2500,188
DEC,,,7000,8,10000,9,10,7001,11,10000,10,9899,16,19,8000,19,9479.2001953125,,,0,,,0,11000.009765625,4,21000,64,98,11000,102,9479.2001953125,,,0,,,0,15595.509765625,2,15900,2,,,0
DIS,,,4200,20,4200,40,,,0,4400,,,0,,,0,5291.64013671875,,,0,,,0,4100,,,0,,,0,5291.64013671875,,,0,,,0,5000,,,0,20,1500,20
DOU,,,200000,,,0,,,0,102996.203125,,,0,,,0,102996.203125,,,0,,,0,102996.203125,,,0,,,0,102996.203125,,,0,,,0,102996.203125,,,0,,,0
DRF,,,999,9,1150,87,,,0,2500,35,3800,35,,,0,3025.3798828125,,,0,,,0,4997,5,3094,261,,,0,3025.3798828125,,,0,,,0,3025.3798828125,,,0,,,0
DV,,,12329.669921875,,,0,,,0,12000,2,12000,9,,,0,12329.669921875,,,0,,,0,12329.669921875,1,20000,1,,,0,12329.669921875,,,0,,,0,12329.669921875,2,20000,2,,,0
DW,19,121,82,568,82,41970,484,63,59997,83.95999908447266,510,83.95999908447266,20004,30,75,16107,68,2309,68,5195,960,46,1405,69,8281,69.4000015258789,39966,1950,50.11000061035156,185178,50,800,49.900001525878906,17367,1,40,501,68,400,76.75,35848,13451,68,95357
EDC,16000,,16000,100,16900,660,100,16000,100,16000,1,16300,9,100,16000,100,8219.7802734375,,,0,,,0,16000,15,18000,15,100,16000,100,8219.7802734375,,,0,,,0,16000,1,17000,11,100,16000,100
EES,,,48741.9609375,2,90000,7,,,0,100000,1,100000,2,,,0,48741.9609375,,,0,,,0,65000,10,65000,23,,,0,48741.9609375,,,0,,,0,48741.9609375,4,80000,4,,,0
ENG,,,500000,,,0,,,0,366662.8125,,,0,,,0,366662.8125,,,0,,,0,500000,1,500000,1,,,0,366662.8125,,,0,,,0,366662.8125,,,0,,,0
EPO,,,144,400,144,8800,3000,96,8550,140,500,139.8000030517578,13620,1000,96,4291,82.68000030517578,,,0,8,120,8,133.3300018310547,24700,140,26700,3764,133.3300018310547,17266,82.68000030517578,,,0,,,0,120,43,120,6231,700,92,2458
ES,,,4000,10,4500,46,40,3500,50,5000,10,6000,10,10,4000,164,1888.1600341796875,,,0,,,0,5231.580078125,27,5400,110,17,3657.02001953125,451,1888.1600341796875,,,0,,,0,5000,58,6250,58,30,4444.43994140625,86
ETC,,,15000,7,14000,24,80,5000,80,12000,18,12000,22,,,0,10329.26953125,,,0,,,0,15000,,,0,,,0,10329.26953125,,,0,,,0,11900,,,0,,,0
EXO,,,189.99000549316406,98,189.99000549316406,509,393,160,970,199.89999389648438,16,300,130,6,95,2071,170,55,170,55,,,0,217.17999267578125,205,217.88999938964844,1213,50,180,3804,250,36,250,212,,,0,250,125,250,179,37,140,2337
F,,,3500,14,4000,59,2,2700,177,4500,10,5000,20,15,2500,524,222.22000122070312,,,0,,,0,5000,45,7500,45,3,3000,3,222.22000122070312,,,0,,,0,3300,,,0,10,3133.1298828125,30
FAL,,,1400,,,0,80,700,80,600,52,3000,52,,,0,1027.9599609375,,,0,,,0,1300,13,1300,149,28,650,58,1027.9599609375,,,0,,,0,1000,3,1000,3,,,0
FAN,,,1200,5,1200,5,,,0,1000,66,1000,277,,,0,987.25,,,0,,,0,999,3,999,189,,,0,987.25,,,0,,,0,1500,5,1200,5,,,0
FC,,,2500,8,2900,13,83,2500,122,3000,6,3500,17,,,0,2253.139892578125,,,0,,,0,4500,4,2500,4,,,0,2253.139892578125,,,0,,,0,2000,2,2500,2,,,0
FE,,,578,8,578,400,93,480,1247,599.9600219726562,224,599.9600219726562,625,10,560,1228,404.010009765625,,,0,500,40.40999984741211,500,418.010009765625,20,435,1386,42,418.010009765625,944,400,2,400,2,,,0,759.97998046875,1,680,520,30,350,1434
FEO,32,,139,252,139,1702,33,90,1501,60,77,90,148,397,60,1795,50,,,0,,,0,40.029998779296875,70,41,3483,291,40.029998779296875,27507,40,120,100,120,1000,32,1000,91,15,80,3063,60,73.1500015258789,724
FET,,,1800,99,1800,167,100,1000,100,2000,,,0,,,0,1614.260009765625,,,0,,,0,2000,23,2000,149,,,0,1614.260009765625,,,0,,,0,2500,,,0,,,0
FF,,,12,48129,12,127901,331,11,8361,10.489999771118164,1672,10.489999771118164,166068,6233,10.079999923706055,157190,16,11309,16,24994,100,14.989999771118164,100,12.920000076293945,1423,12.920000076293945,229463,2000,10.010000228881836,54565,12,1900,12,18882,600,10,5700,9.949999809265137,10000,12,89790,2000,10.010000228881836,55730
FFC,,,325000,1,310000,2,100,150000,100,315000,,,0,1,250000,101,144805.65625,,,0,,,0,325000,1,299995,2,100,150000,100,144805.65625,,,0,,,0,150000,,,0,100,150000,100
FIM,,,2499,100,2498,442,50,1700,439,1500,,,0,100,1300,738,909.9500122070312,,,0,,,0,1560.02001953125,40,3000,50,286,1560.02001953125,3785,850,,,0,,,0,1550,25,1600,165,3,1400,3154
FIR,,,564206.1875,,,0,,,0,564206.1875,,,0,,,0,564206.1875,,,0,,,0,564206.1875,1,925000,3,,,0,564206.1875,,,0,,,0,564206.1875,,,0,,,0
FLO,,,15000,,,0,,,0,8000,,,0,,,0,10184.8095703125,,,0,,,0,20000,1,14900,13,,,0,10184.8095703125,,,0,,,0,10184.8095703125,1,20000,1,,,0
FLP,,,500,4,2000,4,96,500,96,375,,,0,6,375,12,312.0899963378906,,,0,,,0,372.6700134277344,18,550,48,,,0,312.0899963378906,,,0,,,0,400,8,400,38,,,0
FLX,,,194,500,194,690,10,160,1883,248,1990,248,2830,100,85,680,95,,,0,,,0,110,4,110,3616,40,90,7694,80,100,80,449,,,0,270,269,245,4288,191,100,1626
FOD,,,250,236,250,998,300,161,882,160,,,0,236,160,1050,170.30999755859375,,,0,,,0,175,,,0,,,0,170.30999755859375,,,0,,,0,245,276,249.99000549316406,356,,,0
FSE,,,750000,,,0,1,500000,1,800000,,,0,,,0,427320.125,,,0,,,0,600000,,,0,5,600000,5,427320.125,,,0,,,0,745000,,,0,,,0
FUN,,,60078.3984375,,,0,,,0,60078.3984375,,,0,,,0,60078.3984375,,,0,,,0,60078.3984375,,,0,,,0,60078.3984375,,,0,,,0,60078.3984375,,,0,,,0
GAL,57,,200,139,240,309,109,110,608,77.69999694824219,255,77.7699966430664,6071,100,62,2144,80,,,0,,,0,125,39,125,1925,100,95,2016,57,86,70,186,,,0,134.9600067138672,102,134.9600067138672,5447,200,108,1728
GC,,,160,50,200,50,270,160,270,159.66000366210938,200,200,491,30,100,30,153.66000366210938,,,0,,,0,185,30,170,568,60,120,60,153.66000366210938,,,0,,,0,199.99000549316406,10,200,70,,,0
GCH,,,19048.66015625,,,0,,,0,9000,,,0,,,0,19048.66015625,,,0,,,0,565,,,0,,,0,19048.66015625,,,0,,,0,7500,,,0,,,0
GEN,,,125000,,,0,5,120000,5,140000,3,130000,3,,,0,239354.234375,,,0,,,0,130000,1,165000,1,1,130000,1,239354.234375,,,0,,,0,140000,,,0,,,0
GIN,,,2850,10,2850,219,10,2201,10,1950,20,2950,102,30,1800,170,2500,,,0,,,0,2870.3798828125,50,2800,92,20,2500,645,3000,,,0,,,0,2550,20,2495,121,200,2003,210
GL,,,284,60,284,3312,200,190,1482,235,173,235,669,5,150,1380,248.6999969482422,,,0,,,0,200.00999450683594,129,274,564,124,200.00999450683594,995,248.6999969482422,26,320,26,,,0,231.6300048828125,25,240,1485,500,180.00999450683594,750
GNZ,,,40847.19140625,,,0,,,0,40847.19140625,,,0,,,0,40847.19140625,,,0,,,0,13000,,,0,,,0,40847.19140625,,,0,,,0,40847.19140625,,,0,,,0
GRA,,,3000,,,0,100,100,100,2200,,,0,,,0,1401.739990234375,,,0,,,0,2800,9,2800,9,5,1500,15,1401.739990234375,,,0,,,0,2995,10,2995,40,50,2503,60
GRN,86,,161.83999633789062,100,290,1572,500,150,2196,130,200,200,424,10,120,3006,120,32,120,32,,,0,137.10000610351562,63,151,1096,50,137,3067,110,38,140,388,,,0,100,40,100,2782,88,96,4656
GV,,,630,1,1050,20,100,630,100,1000,1,1200,11,,,0,1032.550048828125,,,0,,,0,700,3,999,127,11,700,11,1032.550048828125,,,0,,,0,690,6,1140,18,,,0
H,50,,120,2214,120,17688,100,90,13803,90,2207,90,5701,67,86.0999984741211,3309,90,,,0,,,0,64.41000366210938,210,90,16933,296,62.70000076293945,3195,80,480,80,704,,,0,60.9900016784668,800,60.97999954223633,138447,150,56,26691
H2O,,,34.97999954223633,3799,34.97999954223633,72655,18,22.399999618530273,33164,32.97999954223633,2500,32.900001525878906,21412,100,30,37750,10.010000228881836,,,0,30,21,2030,36.45000076293945,4230,36.45000076293945,31532,4000,30,73051,38,50,38,1217,3000,21.010000228881836,13000,28,395,28,14327,464,24.030000686645508,28893
HAB,,,150000,6,75000,30,2,60000,2,38000,,,0,,,0,53978.7890625,,,0,,,0,40000,,,0,,,0,53978.7890625,,,0,,,0,45000,,,0,,,0
HAL,75,,240,336,250,972,20,151.5,2196,270,70,269,446,60,210.00999450683594,2107,150,,,0,,,0,249,,,0,1000,205,3191,500,60,500,60,,,0,244.97999572753906,100,244,2139,44,152.00999450683594,645
HCC,,,400,121,444.44000244140625,541,770,400,1370,350,,,0,990,350,1025,328.1400146484375,,,0,,,0,399.7300109863281,20,420.69000244140625,530,100,400,700,328.1400146484375,,,0,,,0,1211.2099609375,20,1666.6099853515625,80,500,350,500
HCP,88,,147,48,147,543,100,120,1285,125,120,125,604,120,102.0999984741211,1758,149,,,0,,,0,150,297,158,3584,870,140,2168,100,9,100,109,,,0,96,190,124.98999786376953,1068,500,100,1700
HD,,,2800,32,2800,142,20,2200,80,2500,34,2500,34,30,1200,30,1609.739990234375,,,0,,,0,2511,5,2511,5,,,0,1609.739990234375,,,0,,,0,1609.739990234375,,,0,,,0
HE,75,,237,70,237,937,20,196,2843,115,150,110,2300,1000,90,1300,121.20999908447266,,,0,,,0,75.19999694824219,1633,79,9387,4371,75.0999984741211,4471,185,100,160,244,,,0,166.99000549316406,5,166.99000549316406,1449,100,78.01000213623047,909
HE3,,,290,492,290,682,50,180.00999450683594,376,224,53,225,1558,42,177,1030,50000,,,0,,,0,275,553,275,7053,200,250,1921,220,,,0,,,0,224.97999572753906,188,224.97999572753906,26629,24,172,1088
HER,,,2500,,,0,50,1801,86,1950,20,2500,20,20,1500,271,1200.0899658203125,,,0,,,0,3000,,,0,50,2100,1794,1400,30,1400,60,,,0,1721,,,0,81,1721,754
HEX,,,41.13999938964844,,,0,,,0,41.13999938964844,,,0,,,0,41.13999938964844,,,0,,,0,41.13999938964844,,,0,,,0,41.13999938964844,,,0,,,0,41.13999938964844,,,0,,,0
HHP,,,3373.25,,,0,,,0,3373.25,,,0,,,0,3373.25,,,0,,,0,3373.25,,,0,,,0,3373.25,,,0,,,0,3373.25,,,0,,,0
HMS,,,2000,,,0,20,1500,226,1600,48,1600,212,100,600.010009765625,249,575,,,0,50,750,50,1298.989990234375,4,1298.989990234375,952,1,1025,642,1000,13,1000,47,,,0,1351.5799560546875,24,1500,74,36,745,236
HNZ,,,99440.7421875,,,0,,,0,99440.7421875,,,0,,,0,99440.7421875,,,0,,,0,99440.7421875,,,0,,,0,99440.7421875,,,0,,,0,99440.7421875,,,0,,,0
HOG,,,3600,10,5500,60,,,0,4400,30,4400,30,,,0,3884.449951171875,,,0,,,0,4500,,,0,,,0,3884.449951171875,,,0,,,0,3884.449951171875,,,0,,,0
HOP,,,2500,81,5858.85009765625,81,20,1750,70,2700,,,0,40,1700,228,906.6699829101562,,,0,,,0,2400,7,4998.990234375,620,3,2400,988,906.6699829101562,,,0,,,0,2099.02001953125,96,2099.02001953125,261,9,1777.010009765625,489
HPC,,,13005.009765625,,,0,,,0,13005.009765625,,,0,,,0,13005.009765625,,,0,,,0,20000,5,4000,5,,,0,13005.009765625,,,0,,,0,13005.009765625,,,0,,,0
HPR,,,732931.375,,,0,,,0,732931.375,,,0,,,0,732931.375,,,0,,,0,732931.375,1,999999,2,,,0,732931.375,,,0,,,0,732931.375,,,0,,,0
HSE,,,12000,40,13000,217,5,12000,92,5100,,,0,6,5100,74,11000,1,9500,9,,,0,11700,3,11700,37,20,8000,45,6520.85986328125,,,0,30,5000,30,12499,1,12499,41,1,11100,26
HSS,,,2175,6,2175,192,30,1800,235,1500,,,0,20,1350,120,1000,,,0,,,0,3000,,,0,8,2000,1683,1109.52001953125,20,2000,20,,,0,2500,70,2495,247,21,1700,721
HTE,,,1704487.375,,,0,,,0,1704487.375,,,0,,,0,1704487.375,,,0,,,0,1704487.375,,,0,,,0,1704487.375,,,0,,,0,1704487.375,,,0,,,0
HYR,,,1397232.5,,,0,,,0,1397232.5,,,0,,,0,1397232.5,,,0,,,0,1397232.5,,,0,,,0,1397232.5,,,0,,,0,1397232.5,,,0,,,0
I,,,375,10,340,3135,23,300,183,426.8800048828125,5,450,101,,,0,634.2899780273438,,,0,,,0,236,100,399,2337,20,235,218,634.2899780273438,100,300,100,,,0,218.7100067138672,5,249.99000549316406,2814,200,200.10000610351562,383
IDC,20000,,20000,4,25000,7,100,20000,100,20000,1,30000,1,100,20000,100,10433.23046875,,,0,,,0,20000,34,22000,34,100,20000,100,10433.23046875,,,0,,,0,20000,10,22000,10,100,20000,100
IMM,,,68599.8203125,,,0,,,0,68599.8203125,,,0,,,0,68599.8203125,,,0,,,0,68599.8203125,,,0,,,0,68599.8203125,,,0,,,0,68599.8203125,,,0,,,0
IND,,,2100,43,5250,43,98,2100,195,2500,6,1850,37,1,1200,22,2000.25,,,0,,,0,2400,10,2400,10,10,1900,41,2000.25,,,0,,,0,2400,10,2400,10,1,1750,1
INS,,,115,45994,115,48668,970,109,114720,139,1438,140,13641,200,111.11000061035156,3474,9,,,0,,,0,140,2182,140,19699,200,116.01000213623047,10944,160,2000,120,2000,,,0,119,5095,119,54787,80,100.01000213623047,92
JUI,,,1109.18994140625,,,0,,,0,1109.18994140625,,,0,,,0,1109.18994140625,,,0,,,0,1109.18994140625,,,0,,,0,1109.18994140625,,,0,,,0,1109.18994140625,,,0,,,0
KOM,,,600,60,600,4230,100,520,838,500,38,500,3138,20,450,741,450,,,0,,,0,774,283,774,883,100,550,2639,400,236,350,717,,,0,442,50,675,1071,8,442,1564
KV,,,14399.349609375,2,14444.41015625,2,,,0,12000,,,0,3,8000,5,13713.3798828125,,,0,,,0,12000,2,15000,19,12,11000,14,13713.3798828125,,,0,,,0,14250,6,14250,10,4,12750,14
LBH,,,2699.989990234375,8,2699.989990234375,297,10,2002,566,2813.860107421875,23,2899.989990234375,336,58,2210,107,2000,,,0,6,300,6,2550,2,2550,3612,1,2400,295,1900,38,1900,66,,,0,2899.60009765625,4,2899,87,20,1701,119
LC,,,2100,20,5500,20,10,1900.010009765625,126,1700,,,0,20,800,95,3206.679931640625,,,0,,,0,2350,,,0,3,2000,134,3206.679931640625,,,0,,,0,5000,35,5000,35,100,500,100
LCB,,,300000,1,325000,3,1,290000,1,250000,,,0,1,250000,1,330863.5625,,,0,,,0,290000,1,290000,12,,,0,330863.5625,,,0,,,0,325000,1,325000,1,,,0
LCR,,,936.1099853515625,,,0,,,0,1989.800048828125,,,0,,,0,2970,,,0,,,0,1941.9300537109375,14,2000,14,,,0,2970,,,0,,,0,2000,,,0,,,0
LD,,,9000,,,0,,,0,10000,4,10000,4,,,0,5134.419921875,,,0,,,0,9000,80,7500,201,,,0,5134.419921875,,,0,,,0,5134.419921875,7,10000,7,,,0
LDE,,,5889.990234375,6,5887.9501953125,104,5,4201,81,5279,2,6000,176,20,3601.010009765625,20,4200,,,0,,,0,5595,10,5595,597,100,4051,250,4200,20,6000,20,40,3600,40,5945.990234375,64,5945.990234375,134,12,5000,45
LDI,,,40,6,250,6,,,0,264.3299865722656,,,0,917,200,917,287.2099914550781,,,0,,,0,295,,,0,,,0,287.2099914550781,,,0,,,0,444,66,444,143,,,0
LES,,,700,109,800,307,,,0,1000,,,0,,,0,228.57000732421875,,,0,,,0,649,5,649,343,,,0,228.57000732421875,,,0,,,0,400,30,700,140,,,0
LFE,,,195000,2,200000,3,2,180000,2,180000,1,180000,3,1,150000,1,75567.2265625,,,0,,,0,220000,13,220000,13,1,160000,2,75567.2265625,,,0,,,0,200000,1,220000,1,,,0
LFL,,,350000,1,350000,1,1,300000,2,250000,2,250000,2,,,0,122737.671875,,,0,,,0,300000,1,325000,2,,,0,122737.671875,,,0,,,0,122737.671875,,,0,,,0
LFP,,,6000,,,0,,,0,3000,4,3000,4,,,0,7461.4599609375,,,0,,,0,5000,7,4000,14,,,0,7461.4599609375,,,0,,,0,7461.4599609375,,,0,,,0
LHP,,,2350,94,2275,423,571,1500,571,1900,19,1900,55,,,0,1616.9200439453125,,,0,,,0,2350,200,2200,1423,30,1800,30,1400,15,1400,17,,,0,2500,21,2500,56,,,0
LI,,,700,320,1250,769,,,0,750,900,750,1715,,,0,472.2900085449219,,,0,,,0,737.47998046875,80,700,1243,200,650,300,472.2900085449219,,,0,,,0,940,,,0,70,400,70
LIO,,,250,311,350,510,100,180,123,300,249,300,249,100,210,200,19000,,,0,,,0,380,74,250,2364,15,200,1065,68.56999969482422,,,0,,,0,475,,,0,400,210.02000427246094,500
LIS,250000,,450000,,,0,100,250000,100,350000,,,0,100,250000,100,257504.296875,,,0,,,0,450000,,,0,100,250000,100,257504.296875,,,0,,,0,257504.296875,1,625000,1,100,250000,100
LIT,,,13124.9404296875,,,0,,,0,13124.9404296875,,,0,,,0,13124.9404296875,,,0,,,0,9999,,,0,,,0,13124.9404296875,,,0,,,0,13124.9404296875,1,9999,1,,,0
LOG,56000,,56000,5,57000,24,50,56001,150,56000,4,70000,4,100,56000,100,28263.599609375,,,0,,,0,56281.25,,,0,100,56000,100,28263.599609375,,,0,,,0,75000,,,0,100,56000,100
LSE,,,5000,59,5000,729,4,4100,17,5870.31005859375,51,6699.990234375,124,2,5000,5,4650,,,0,,,0,5900,59,5900,219,8,4300,292,6000,15,6000,15,36,4200,36,5750,24,5850,137,4,5000,109
LSL,,,200000,1,250000,1,,,0,205256.8125,1,350000,1,1,250000,1,205256.8125,,,0,,,0,300000,,,0,,,0,205256.8125,,,0,,,0,205256.8125,,,0,,,0
LST,,,148,774,148,5158,100,81,6158,75,384,75,8216,182,71.01000213623047,2173,41,,,0,,,0,113,178,112.5,3346,300,111,3553,50,183,50,353,,,0,100.0999984741211,539,120,2549,17,100.08999633789062,2598
LTA,,,3990,19,3990,44,4,3100,85,2424.570068359375,3,2470,137,10,1300,10,1950,,,0,,,0,2189,13,2189,465,6,1910,151,1900,11,1900,27,,,0,2395,3,2395,247,4,1650,102
LU,,,60000,,,0,4,60000,4,50000,,,0,5,50000,5,62782.37109375,,,0,,,0,100000,,,0,4,100000,9,62782.37109375,,,0,,,0,62782.37109375,,,0,5,50000,5
MAG,87,,250,,,0,20,150,220,250,,,0,20,100,120,117.55000305175781,,,0,,,0,139,36,138,180,100,130,265,117.55000305175781,,,0,,,0,94,9,94,338,350,90,450
MAI,,,100.01000213623047,,,0,445,100,731,130,112,130,195,120,103,1922,171.1699981689453,,,0,,,0,159,51,160,3525,80,148.00999450683594,1463,110,29,110,144,,,0,101.37000274658203,109,139.97000122070312,1362,305,101.37000274658203,2821
MB,,,5000,,,0,10,3000,10,4000,,,0,1,3600,11,3450.389892578125,,,0,,,0,4500,,,0,,,0,3450.389892578125,,,0,,,0,6000,,,0,10,4400,10
MCB,,,175000,1,195000,2,,,0,300000,,,0,,,0,167025.5625,,,0,,,0,240000,2,175000,11,,,0,167025.5625,,,0,,,0,167025.5625,3,250000,3,,,0
MCG,12,36,23.5,110,23.5,32431,422,23,22923,22.479999542236328,1203,22.479999542236328,35058,1761,20.56999969482422,4117,24.5,582,24,1112,302,15,984,23.290000915527344,792,24.790000915527344,108776,1075,23.010000228881836,12198,36,2113,36,3910,70,30,111,23.030000686645508,4393,31.920000076293945,35145,812,23.030000686645508,10638
MEA,,,6500,1,6500,79,20,3000,140,3800,10,5000,10,200,3000,220,1735.760009765625,,,0,,,0,5163.4599609375,16,3700,168,4,2200.090087890625,682,1735.760009765625,,,0,,,0,3250,184,3699.989990234375,298,40,2650,244
MED,,,1800,,,0,20,1200,513,1371.4300537109375,30,1450,124,10,1000,700,450,,,0,20,450,20,1200,32,1200,557,16,850,739,750,102,750,102,,,0,1200,81,1200,267,50,702.02001953125,476
MFE,,,110000,2,90000,2,,,0,95000,9,100000,9,,,0,44024.19140625,,,0,,,0,80583.328125,1,80000,3,,,0,44024.19140625,,,0,,,0,160000,,,0,,,0
MFK,,,240,33,245,159,20,219,1075,250,33,300,33,20,130,1094,149.6999969482422,,,0,,,0,160,73,160,1747,40,121.41000366210938,1285,150,,,0,200,145,200,240,600,240,1690,21,130.00999450683594,783
MFL,,,100000,1,150000,1,1,130000,3,125000,4,125000,5,,,0,61748.23046875,,,0,,,0,100000,2,140000,4,,,0,61748.23046875,,,0,,,0,61748.23046875,,,0,,,0
MG,,,90,3815,90,15587,19,60,1170,45,38,45,9811,4489,40,5202,50,,,0,,,0,49,1350,49,9249,20,40,5180,54.86000061035156,500,60,500,,,0,69.48999786376953,285,69.5,6034,200,44,963
MGC,,,8591.9501953125,,,0,,,0,8591.9501953125,,,0,,,0,8591.9501953125,,,0,,,0,6740,1,6740,26,,,0,8591.9501953125,,,0,,,0,8000,,,0,,,0
MGS,,,97,123,175,1568,65,97,2365,50,23,96.94999694824219,1280,1000,52.0099983215332,2609,41.13999938964844,,,0,,,0,171,143,170,1951,50,101,2678,41.13999938964844,,,0,,,0,225,40,250,329,76,155,1536
MHL,,,2200,20,2199,713,8,2001,368,1799.6300048828125,5,1799,310,160,1650,528,2351.52001953125,,,0,,,0,2600,18,2595,1290,75,2000,103,2351.52001953125,,,0,,,0,2740,27,2740,1411,6,2400,48
MHP,,,2500,7,2500,7,10,2000,10,2500,30,2900,39,9,2500,9,2118.949951171875,,,0,,,0,2600,4,2955,4,300,2800,300,2118.949951171875,,,0,,,0,5000,50,3500,50,,,0
MLI,,,10268.849609375,,,0,,,0,12500,1,12500,1,,,0,10268.849609375,,,0,,,0,15000,19,15000,47,,,0,10268.849609375,,,0,,,0,10268.849609375,,,0,,,0
MPC,,,1040,73,1040,210,,,0,1475,1,1475,66,,,0,661.4199829101562,,,0,,,0,999.4199829101562,91,1000,225,,,0,661.4199829101562,,,0,,,0,1400,10,1400,50,,,0
MSL,,,75000,1,100000,2,1,80000,3,50000,1,120000,1,,,0,83082.453125,,,0,,,0,75000,2,85000,20,,,0,83082.453125,,,0,,,0,125000,8,100000,8,,,0
MTC,,,452.94000244140625,,,0,,,0,300,5,300,55,,,0,452.94000244140625,,,0,,,0,1,,,0,,,0,452.94000244140625,,,0,,,0,500,,,0,,,0
MTP,,,1800,57,2200,57,400,1800,400,1800,,,0,50,500,250,1027.6199951171875,4,1250,4,,,0,1500,2,2300,7,7,1500,267,1027.6199951171875,,,0,,,0,1500,56,1988.9100341796875,148,10,1250,10
MUS,,,120,,,0,345,120,886,110.95999908447266,23,130,263,10,120,551,172.3000030517578,,,0,,,0,128,121,128,3641,500,115,1945,172.3000030517578,,,0,,,0,97,148,149.99000549316406,148,500,100,1358
MWF,,,150,20,190,30,,,0,250,,,0,479,200,479,189.47000122070312,,,0,,,0,200,396,225,426,460,200,460,189.47000122070312,,,0,,,0,270,140,270,160,,,0
N,33,,75,100,75,36016,972,70.01000213623047,4147,109.19000244140625,1000,90,18521,480,74,3883,66.12000274658203,,,0,,,0,75,100,75,58830,1000,56.75,19135,66.12000274658203,,,0,,,0,109.94999694824219,90,109.94999694824219,5751,470,50.02000045776367,1570
NA,25,,25,57,25.010000228881836,6147,100,25,100,25,900,25.010000228881836,3213,100,25,100,1106.219970703125,,,0,,,0,25,192,26.989999771118164,8405,100,25,100,1,218,1,218,,,0,25,70,25.010000228881836,4541,100,25,100
NAB,,,90,600,120,725,2710,90,3100,75,100,170,730,10,70,370,126.41999816894531,,,0,,,0,115,,,0,1177,85,1532,65,,,0,460,65,460,100,100,124,810,100,80,390
NCS,,,30,700,30,700,10000,25,10000,35,500,34.9900016784668,4690,10000,25.010000228881836,16926,16.979999542236328,,,0,,,0,45,19250,45,19250,8083,25,8083,16.979999542236328,,,0,,,0,29.979999542236328,2000,29.979999542236328,2702,45,20.350000381469727,93
NE,,,270,20,280,20,100,220,449,200,50,250,149,850,166.6699981689453,1468,300,,,0,,,0,201,120,395,1704,100,200,620,300,150,300,150,,,0,150.67999267578125,890,375,1110,100,150.00999450683594,200
NF,,,5134.419921875,,,0,,,0,10000,9,10000,9,,,0,5134.419921875,,,0,,,0,5134.419921875,24,7500,60,,,0,5134.419921875,,,0,,,0,5134.419921875,,,0,,,0
NFI,,,24.989999771118164,500,24,5220,,,0,19,50,17.489999771118164,7653,,,0,6.179999828338623,,,0,,,0,8,9600,8,14056,,,0,6.179999828338623,,,0,,,0,8.5,90,9,1390,,,0
NG,,,850,31,795,81,100,500,1100,600,100,675,100,1,600,1,721.8099975585938,,,0,,,0,600.9299926757812,14,1600,252,381,600,381,721.8099975585938,,,0,,,0,550,,,0,,,0
NL,,,2800,24,2800,116,100,2256,226,2999.989990234375,1,2999.989990234375,1,45,2204,148,2000,,,0,,,0,2442.5,10,2850,735,46,2400,66,2400,26,2400,38,,,0,3000,170,3000,283,4,2500,40
NN,,,29444.419921875,1,50000,1,,,0,25000,,,0,,,0,29444.419921875,,,0,,,0,32000,,,0,4,25000,4,29444.419921875,,,0,,,0,29444.419921875,1,50000,1,,,0
NOZ,,,43702.01171875,,,0,,,0,43702.01171875,,,0,,,0,43702.01171875,,,0,,,0,43702.01171875,,,0,,,0,43702.01171875,,,0,,,0,43702.01171875,,,0,,,0
NR,,,325,50,325,950,100,50,100,299,2000,299,2000,650,150,650,199.5800018310547,,,0,,,0,390,,,0,1,975,126,199.5800018310547,,,0,,,0,274,750,380,1500,,,0
NS,,,275.75,28,270,1707,130,202.00999450683594,1711,250,182,398,711,16,250,8946,214.27000427246094,,,0,,,0,230,1400,220,5285,100,208,7962,160,,,0,,,0,259,1212,299,11862,188,259,3196
NST,,,7500,21,7500,21,,,0,5065.7900390625,,,0,,,0,1351.469970703125,,,0,,,0,1700,23,2800,96,3,1500,21,1351.469970703125,,,0,,,0,2900,7,2800,139,4,1700,29
NUT,88,,100,177,134,349,476,100,1067,101,32,140,52,50,101,1220,151.7100067138672,,,0,,,0,131.5,32,131.5,421,500,115.12000274658203,4310,151.7100067138672,,,0,24,90,24,92.19999694824219,300,110.98999786376953,685,1800,92.16999816894531,4612
NV1,100000,,130000,,,0,100,100000,100,94010.078125,,,0,100,100000,100,94010.078125,,,0,,,0,100000,1,190000,2,100,100000,100,94010.078125,,,0,,,0,94010.078125,,,0,100,100000,100
NV2,,,130882.6328125,,,0,100,150000,100,130882.6328125,,,0,100,150000,100,130882.6328125,,,0,,,0,150000,3,220000,3,100,150000,100,130882.6328125,,,0,,,0,130882.6328125,,,0,100,150000,100
O,32,,140,766,140,3861,940,82,8314,94.38999938964844,375,100,14830,414,66.01000213623047,3112,55,,,0,,,0,78,29,74,22377,24,60.099998474121094,8505,90,1102,90,1317,,,0,95.51000213623047,35,122.98999786376953,2531,44,95.5,3109
OFF,,,120,80,200,80,400,120,1650,100,3071,100,4316,80,50,220,50.65999984741211,,,0,,,0,85,230,85,550,1180,84,5330,50.65999984741211,1000,70,1500,,,0,109.98999786376953,140,109.98999786376953,250,20,85,90
OLF,,,960.010009765625,6,444.44000244140625,102,100,50,100,1625,,,0,,,0,960.010009765625,,,0,,,0,1100,14,1100,14,,,0,960.010009765625,,,0,,,0,1100,123,825.280029296875,585,,,0
OS,,,40000,,,0,6,40000,6,47000,1,47000,5,,,0,30351.4609375,,,0,,,0,35000,2,35000,37,,,0,30351.4609375,,,0,,,0,20000,,,0,,,0
OVE,40,153,109.93000030517578,626,109.93000030517578,2137,95,74,1802,79.19999694824219,982,79.19999694824219,12298,8,68,9012,80,230,80,230,,,0,81.5,74,81.5,5311,50,80.0999984741211,11431,95,337,95,1663,32,81,65,79.73999786376953,483,79.73999786376953,7015,991,74.01000213623047,8796
PCB,,,1275,158,1275,1147,100,1200,300,2000,,,0,40,1102,50,807.0599975585938,,,0,,,0,2100,40,2150,80,100,1510,182,807.0599975585938,,,0,,,0,1600,10,2400,74,10,1400,10
PDA,,,3700,13,3700,622,3,2800,79,3000,,,0,3,1800,43,1153.030029296875,,,0,5,3500,5,4000,697,4000,719,20,2750,53,4000,28,4000,28,,,0,4500,,,0,1,2800,51
PE,,,5.789999961853027,2000,5.789999961853027,233677,1100,4.369999885559082,194831,4.900000095367432,4200,5.679999828338623,106238,1000,4.900000095367432,229052,4,100,6,100,,,0,4.409999847412109,334,5.199999809265137,549418,6000,4.409999847412109,369580,4.5,14000,4.5,20000,,,0,4.5,9600,5.239999771118164,243180,37290,4.5,161604
PFE,,,469.8900146484375,375,788.8699951171875,1865,40,300,40,400,5,400,95,,,0,480.5400085449219,,,0,,,0,550,10,549,230,30,427.1700134277344,330,480.5400085449219,,,0,100,330,100,611.1599731445312,30,525.25,670,,,0
PG,,,42.22999954223633,8586,43,19025,1440,41,46012,35.5,1320,35.5,30367,1535,29.510000228881836,85540,25,,,0,,,0,44.650001525878906,17051,45,150746,2000,36.52000045776367,249624,35,500,35,500,7429,27,7929,31,489,39.900001525878906,21130,2094,31,20984
PIB,,,1200,,,0,100,100,100,300,36,300,36,,,0,596.8499755859375,,,0,,,0,600,,,0,,,0,596.8499755859375,,,0,,,0,1100,32,1911.9100341796875,32,16,1100,16
PK,,,840.989990234375,,,0,,,0,840.989990234375,,,0,,,0,840.989990234375,,,0,,,0,1500,,,0,,,0,840.989990234375,,,0,,,0,840.989990234375,120,1200,120,,,0
POW,4200,,4300,86,4300,274,100,4200,100,4250,,,0,66,4250,166,2364.429931640625,,,0,,,0,4200,471,4600,471,100,4200,100,2364.429931640625,,,0,,,0,4600,170,4600,170,100,4200,100
PPA,,,80,2,80,12,,,0,206.1300048828125,12,250,13,14,100,29,143.52999877929688,,,0,,,0,100,16,145,16,30,50,30,143.52999877929688,160,100,160,,,0,1,,,0,,,0
PSH,,,8000,12,7000,12,,,0,5000,4,10000,4,,,0,3839.050048828125,,,0,,,0,5000,3,7000,7,,,0,3839.050048828125,,,0,,,0,8250,1,8125,24,,,0
PSL,,,3000,6,3200,109,500,3000,625,3000,,,0,300,3000,352,1700,,,0,,,0,3930,45,3930,226,12,2500.030029296875,53,1700,60,1600,63,,,0,2749,24,2750,125,12,1801,36
PSM,,,1400,4,1500,4,100,1000,191,1200,10,1200,10,45,953.7100219726562,197,750,,,0,,,0,1500,6,2399,81,2,800,61,1321.68994140625,,,0,,,0,1000,10,1999,15,,,0
PSS,,,995,15,1000,25,100,400,100,500,,,0,5,500,57,660.8400268554688,5,450,5,,,0,1099.2900390625,,,0,49,280,148,660.8400268554688,,,0,,,0,250,2,625,27,18,250,18
PT,,,525,93,524,785,171,400,1171,397.989990234375,189,397.989990234375,1975,6,355,446,255,,,0,,,0,413,525,413,4088,1000,322,3166,400,193,400,193,,,0,443.9599914550781,17,443.9599914550781,468,100,320.010009765625,927
PWO,,,237.9600067138672,1320,237.9499969482422,6148,277,200,612,208.9499969482422,99,208.9499969482422,4677,20,179,1092,210,23,210,23,,,0,215,2253,215,8686,8,195.00999450683594,1294,230,103,230,282,27,220,42,216.9499969482422,69,216.9499969482422,5890,50,181,2403
QCR,,,695000,,,0,,,0,695000,,,0,,,0,365454.625,,,0,,,0,595000,,,0,,,0,365454.625,,,0,,,0,695000,,,0,,,0
RAD,,,6000,4,5900,40,12,5000,22,7000,6,8888.8798828125,14,8,5000,8,3729.22998046875,,,0,,,0,51444.26953125,4,25000,4,,,0,3729.22998046875,,,0,,,0,20000,,,0,,,0
RAG,,,259746.03125,,,0,,,0,259746.03125,,,0,,,0,259746.03125,,,0,,,0,27500,,,0,,,0,259746.03125,,,0,,,0,259746.03125,,,0,,,0
RAM,,,1250,18,1250,18,,,0,2000,11,2000,11,,,0,1252.9200439453125,,,0,,,0,2500,109,2500,133,,,0,1252.9200439453125,,,0,,,0,2350,10,2350,42,,,0
RAT,32,166,78,552,78.97000122070312,37079,2000,63.02000045776367,10300,78.01000213623047,15,89.8499984741211,28789,940,77.19999694824219,21086,85,2822,85,3860,660,60,1860,79.5,5431,79.5,108740,129,73.3499984741211,47566,60,190,59.900001525878906,14355,1000,25,1000,62.02000045776367,5000,67.9800033569336,34597,474,62.02000045776367,30672
RBH,,,12500,16,12500,192,10,12000,65,11000,31,14000,62,2,8000,2,8000.830078125,,,0,,,0,13900,11,13997.990234375,232,4,12200.009765625,69,8000.830078125,,,0,,,0,15701.509765625,22,17111,44,2,12000,63
RCO,400,,700,5,750,7,243,700,1713,699.989990234375,8,775,8,8,582,1883,420,,,0,,,0,857.7999877929688,33,969.6900024414062,53,10,600.219970703125,930,500,22,500,82,,,0,521,21,690,229,90,523,1278
RCS,,,100000,,,0,,,0,209000,,,0,,,0,94093.78125,,,0,,,0,70000,4,100000,4,,,0,94093.78125,,,0,,,0,94093.78125,,,0,,,0
RCT,,,500000,,,0,,,0,356760.5,,,0,,,0,356760.5,,,0,,,0,550000,,,0,,,0,356760.5,,,0,,,0,356760.5,,,0,,,0
RDE,,,22500,72,22500,82,5,20500,55,20966.830078125,3,20968,60,1,2500,1,14495.8095703125,,,0,,,0,21700,14,21800,141,4,20000,60,14495.8095703125,,,0,,,0,21918.01953125,69,23069,87,20,19100,70
RDL,,,380631.96875,,,0,,,0,380631.96875,,,0,,,0,380631.96875,,,0,,,0,380631.96875,,,0,,,0,380631.96875,,,0,,,0,380631.96875,,,0,,,0
RDS,,,209228.40625,,,0,,,0,209228.40625,,,0,,,0,209228.40625,,,0,,,0,125000,,,0,,,0,209228.40625,,,0,,,0,209228.40625,,,0,,,0
REA,,,300,249,300,4313,100,225,300,300,665,300,665,600,106.88999938964844,600,355.8699951171875,,,0,,,0,338,1,338,3240,2431,245,2431,300,418,300,418,1000,200,1000,290,90,290,1757,,,0
RED,45000,,45001,98,53000,98,10,45001,110,45000,,,0,100,45000,100,22540.4296875,,,0,,,0,45000,,,0,100,45000,100,22540.4296875,,,0,,,0,45000.01171875,,,0,100,45000,100
REP,,,530,24,599,511,24,510,1167,477.989990234375,127,477.989990234375,1668,100,406,440,340,,,0,,,0,500,1354,500,1651,4,401.0199890136719,1022,500,47,500,123,,,0,518,366,518,943,40,410.04998779296875,83
RG,,,700,176,900,186,590,700,590,950,26,950,286,120,811,178,751.5700073242188,,,0,,,0,600,20,898.989990234375,1134,36,601,1275,751.5700073242188,,,0,,,0,1000,,,0,40,800.010009765625,40
RGO,,,1400,9,1400,66,20,1200,20,1200,,,0,,,0,798.47998046875,,,0,,,0,1900,10,4444.43994140625,10,1,1900,1,798.47998046875,,,0,,,0,798.47998046875,29,1950,29,,,0
RHP,,,4800,29,4800,29,8,3700,16,2700.739990234375,,,0,15,3250,15,2700.739990234375,,,0,,,0,3600,,,0,10,3400,10,2700.739990234375,,,0,,,0,2700.739990234375,4,4500,4,,,0
ROM,,,3200,30,3200,30,,,0,3000,6,3000,6,,,0,1931.5799560546875,,,0,,,0,2100,,,0,50,2001,370,1931.5799560546875,,,0,,,0,2000,10,3000,25,40,1900,80
RSE,,,21000,6,21000,6,10,20300,85,21000,10,24800,32,1,20500,5,12026.7197265625,,,0,,,0,24669,74,24669,155,4,20200.009765625,112,12026.7197265625,,,0,,,0,23000,17,24869,44,6,21000,88
RSH,,,17292.380859375,,,0,,,0,17292.380859375,,,0,,,0,17292.380859375,,,0,,,0,17292.380859375,2,40000,2,,,0,17292.380859375,,,0,,,0,17292.380859375,1,43000,1,,,0
RSI,,,450,,,0,100,200,100,1000,12,1300,77,20,1000,20,686.77001953125,,,0,,,0,1600,24,800,24,200,500,200,686.77001953125,,,0,,,0,700,7,1000,7,,,0
RTA,,,13600,55,14949.990234375,95,5,13600,61,12945.6904296875,1,18000,2,1,14000,34,8308.73046875,,,0,,,0,16650,6,16700,57,4,12000,38,8308.73046875,,,0,,,0,27777,7,19998,11,3,11500,32
S,,,95,16,85,345,1000,40,1005,68.98999786376953,30,69,844,50,35.0099983215332,150,85.83999633789062,,,0,,,0,27,191,57,418,126,27,223,85.83999633789062,,,0,,,0,89.97000122070312,130,89.95999908447266,870,,,0
SA,,,6500,,,0,,,0,5000,1,5000,1,,,0,3422.949951171875,,,0,,,0,5000,45,5000,166,,,0,3422.949951171875,,,0,,,0,3422.949951171875,,,0,,,0
SAL,,,6500,,,0,,,0,10000,1,9949,38,,,0,3422.949951171875,,,0,,,0,5000,76,4999,185,,,0,3422.949951171875,,,0,,,0,3422.949951171875,,,0,,,0
SAR,,,22287.419921875,2,23000,2,10,10000,20,24000,,,0,10,17000,22,9628.83984375,,,0,,,0,20000,2,30000,2,20,7500,50,9628.83984375,,,0,,,0,16000,5,25000,5,,,0
SC,,,1094.9300537109375,,,0,6,750,6,1090,,,0,100,600,120,1500,,,0,,,0,1000,284,1000,1063,1,700.010009765625,301,1500,56,1500,56,,,0,1100,29,1100,609,20,500.010009765625,120
SCB,,,50000,1,45000,3,1,35000,1,70000,,,0,,,0,54712.01171875,,,0,,,0,57000,,,0,,,0,54712.01171875,,,0,,,0,2686,,,0,,,0
SCN,,,1399.989990234375,36,1399.989990234375,539,6,1150,86,2000,75,2000,475,2,1200,16,1500,,,0,,,0,1760,10,1760,294,25,1010,239,1150,17,2000,46,1,1150,1,1188.1099853515625,3,1188.1099853515625,371,8,1000,168
SCR,,,100,,,0,12,90,212,82,13,100,272,10,90,140,82.29000091552734,,,0,,,0,82,40,82.01000213623047,75,100,82,100,82.29000091552734,30,140,301,,,0,82,91,98.98999786376953,142,100,82.01000213623047,200
SDR,72000,,72001,100,80000,100,8,72001,108,72000,3,75000,3,100,72000,100,37259.4296875,,,0,,,0,72000,,,0,10,72001,110,37259.4296875,,,0,,,0,72000,,,0,100,72000,100
SEA,,,115,1400,115,7862,870,60,870,80,240,80,2230,200,50,200,73.05000305175781,,,0,,,0,84.9000015258789,255,84.88999938964844,6253,195,65,1680,150,162,162.5,162,,,0,89,702,89,8718,200,50,200
SEN,,,600,1110,750,1110,50,450,1050,600,,,0,100,600,140,285.3699951171875,,,0,,,0,653.0399780273438,10,1500,10,130,650,170,285.3699951171875,,,0,,,0,600,,,0,200,600,410
SEQ,,,10000,,,0,,,0,8079.85986328125,,,0,,,0,8079.85986328125,,,0,,,0,14000,,,0,12,10000,12,8079.85986328125,,,0,,,0,8079.85986328125,,,0,,,0
SF,6,16,12.649999618530273,253,12.649999618530273,84675,500,11.5,46744,10.880000114440918,56,10.880000114440918,65293,1000,8.449999809265137,126714,13,8080,12.989999771118164,55805,,,0,12.010000228881836,6851,12.010000228881836,113740,850,10,60881,10,1000,14,12197,549,8,12649,10.989999771118164,6712,10.989999771118164,265934,4000,6.349999904632568,100806
SFE,,,55000,10,60000,10,,,0,55000,6,55000,23,,,0,25161.3203125,,,0,,,0,50000.01171875,3,50000.01171875,12,,,0,25161.3203125,,,0,,,0,1,3,56000,3,,,0
SFK,,,85,5,78.87000274658203,436,200,50,1351,73,199,73,1290,40,35.5,751,42.5,,,0,,,0,39.619998931884766,32,47.7400016784668,8809,35,45.0099983215332,4255,50,50,50,50,,,0,50.619998931884766,140,70,3645,7,50.5,530
SFL,,,85000,1,50000,3,,,0,30850.880859375,2,60000,2,,,0,30850.880859375,,,0,,,0,45000,2,80000,2,,,0,30850.880859375,,,0,,,0,30850.880859375,,,0,,,0
SI,,,465.260009765625,199,525,1724,100,300,150,388,20,388,1453,10,350,10,884.1400146484375,,,0,,,0,150,131,248.72000122070312,6799,173,150,856,884.1400146484375,40,500,60,,,0,419,30,420,820,30,200,50
SIL,,,2000,8,1911.9100341796875,52,,,0,2400,25,2375,49,,,0,2300.8798828125,,,0,,,0,750,78,1750,78,,,0,2300.8798828125,,,0,,,0,2995,14,1900,62,,,0
SIO,38,,74,560,74,2153,163,63,5587,53.84000015258789,26,93.98999786376953,2058,19,53.90999984741211,392,45,,,0,,,0,70,239,70,10075,500,63.29999923706055,3349,40,46,140,46,,,0,107.0999984741211,56,158.99000549316406,1405,154,107.0999984741211,1110
SNM,,,50000,8,200000,8,5,120000,6,77019.203125,,,0,,,0,77019.203125,,,0,,,0,126500,17,126500,43,,,0,77019.203125,,,0,,,0,77019.203125,,,0,,,0
SOI,,,360,90,400,1697,50,260,150,336.8800048828125,4,360,454,,,0,299.3699951171875,,,0,,,0,350,280,375,280,33,350.010009765625,241,299.3699951171875,10,320,10,100,250,200,360,68,360,518,500,210,580
SOL,,,900,24,900,34,,,0,980,17,1090,271,,,0,450.1700134277344,,,0,,,0,1000,149,1000,149,,,0,450.1700134277344,,,0,,,0,1350,20,1600,30,,,0
SP,,,1600,6,1600,259,100,1500,100,1900,,,0,15,1533.3299560546875,115,1123.4200439453125,,,0,,,0,3000,270,3000,270,10,1800,110,1123.4200439453125,,,0,,,0,3800,30,3400,60,10,1600,120
SRD,53000,,53001,6,60000,6,20,53001,120,53000,,,0,100,53000,100,29394,,,0,,,0,53000,,,0,100,53000,100,29394,,,0,,,0,53000,,,0,100,53000,100
SRP,,,8705.3203125,,,0,,,0,8705.3203125,,,0,,,0,8705.3203125,,,0,,,0,8705.3203125,146,21000,146,,,0,8705.3203125,,,0,,,0,8705.3203125,,,0,,,0
SSC,,,400,10,400,10,25,320,1087,350,228,250,228,,,0,224,,,0,,,0,250,19,250,1194,,,0,224,,,0,,,0,380,10,380,510,75,300,75
SSL,,,25000,3,30000,5,1,25000,1,40000,7,40000,8,,,0,18181.990234375,,,0,,,0,40000,5,40000,6,,,0,18181.990234375,,,0,,,0,30000,,,0,,,0
STL,,,1499.5,54,2080,86,,,0,1201,12,1550,301,10,1202,856,800,,,0,,,0,806,10,1298,555,17,805,299,900,,,0,,,0,3500,15,1940,96,10,1202,565
STR,1000,,1749,2,1750,150,20,1001,120,2102.6201171875,40,2200,126,50,1109,200,1491.9300537109375,,,0,,,0,1380,142,1390,244,100,1000.4000244140625,200,1491.9300537109375,,,0,,,0,1800,2,1999.989990234375,46,100,1000,100
STS,,,96213.09375,,,0,,,0,96213.09375,,,0,,,0,96213.09375,,,0,,,0,140000,1,140000,1,1,40000,1,96213.09375,,,0,,,0,96213.09375,,,0,,,0
SU,,,111117.921875,,,0,,,0,111117.921875,,,0,,,0,111117.921875,,,0,,,0,111117.921875,,,0,,,0,111117.921875,,,0,,,0,111117.921875,,,0,,,0
SUD,75000,,76000,9,76000,15,10,75001,110,75000,,,0,5,75150,105,37986.578125,,,0,,,0,75000,,,0,10,75001,110,37986.578125,,,0,,,0,75000,,,0,100,75000,100
SUN,,,350,,,0,990,300,1090,460,71,460,71,20,220.00999450683594,410,307.9100036621094,,,0,,,0,398,290,398,1308,100,170,100,300,310,300,310,,,0,358,300,358,421,,,0
SWF,,,124.98999786376953,300,105,450,,,0,90,,,0,20,60,687,81.31999969482422,,,0,,,0,109.5199966430664,3052,110,6247,10,90,180,110,,,0,100,110,100,120,318,120,614,4,100,87
TA,,,13208.330078125,3,13000,48,10,11000,15,13500,2,17000,4,1,11000,1,6474.83984375,,,0,,,0,12500,12,16600,51,1,11000,2,6474.83984375,,,0,,,0,11000,13,12995,13,3,12000.009765625,14
TAC,,,92085.1328125,,,0,,,0,92085.1328125,,,0,,,0,92085.1328125,,,0,,,0,92085.1328125,,,0,,,0,92085.1328125,,,0,,,0,92085.1328125,,,0,,,0
TAI,,,550,70,550,170,32,325,132,550,120,550,585,20,300,150,121.01000213623047,,,0,,,0,250,10,350,492,,,0,121.01000213623047,,,0,,,0,425,4,425,318,168,150.02000427246094,178
TC,,,9000,3,14000,4,1,9000,1,7687.5,3,10000,3,,,0,3861.31005859375,,,0,,,0,6000,,,0,5,3500,21,3861.31005859375,,,0,,,0,3861.31005859375,,,0,,,0
TCB,,,37500,1,37500,1,,,0,9675.330078125,1,12000,1,,,0,9675.330078125,,,0,,,0,13000,12,11000,12,,,0,9675.330078125,,,0,,,0,9675.330078125,,,0,,,0
TCL,,,5741,8,5741,50,8,2000,626,2259.3798828125,3,4400,79,30,1510,130,1926.6600341796875,,,0,,,0,1800,200,2169,552,21,1800,21,1926.6600341796875,,,0,,,0,2000,9,2194.989990234375,9,7,1500,7
TCO,,,880,61,880,145,20,515,579,1300,,,0,,,0,700,,,0,,,0,1500,30,1088.780029296875,788,,,0,500,18,700,68,,,0,1000,,,0,,,0
TCS,,,10000,2,8000,18,,,0,4741.83984375,3,7000,54,10,4000,10,2199.889892578125,,,0,,,0,4000,56,5250,86,44,4000,64,2199.889892578125,,,0,,,0,8000,50,7500,50,,,0
TCU,,,90000,,,0,,,0,70671.4296875,,,0,,,0,70671.4296875,,,0,,,0,70671.4296875,,,0,,,0,70671.4296875,,,0,,,0,70671.4296875,,,0,1,70671.4296875,1
THF,,,400,1104,400,3799,55,300,995,265,540,265,1611,160,200,755,526.77001953125,,,0,,,0,250,853,250,3392,7,201.00999450683594,817,280,100,260,100,,,0,250,120,275,301,10,200,10
THP,,,3350,22,3350,22,28,3000,28,2391.639892578125,,,0,40,3300,40,2391.639892578125,,,0,,,0,3000,,,0,10,3000,10,2391.639892578125,,,0,,,0,3350,12,3350,12,,,0
TI,,,543,100,800,1382,12,544,609,997.6900024414062,50,900,181,,,0,830.9000244140625,,,0,,,0,341.6700134277344,279,395,2209,,,0,2250,,,0,,,0,1000,68,850,1191,,,0
TIO,74,,90,1372,90,7490,100,76,1487,80,414,100,474,39,75,139,74.80999755859375,,,0,,,0,88,100,119,22142,100,79.62999725341797,500,74.80999755859375,,,0,,,0,74,300,100,2809,100,74,100
TK,,,18000,,,0,,,0,20480.099609375,,,0,,,0,20480.099609375,,,0,,,0,15000,,,0,,,0,20480.099609375,,,0,,,0,20480.099609375,,,0,,,0
TPU,,,1500,,,0,,,0,1790,,,0,,,0,1184.77001953125,,,0,,,0,1800,33,1800,33,,,0,1184.77001953125,,,0,,,0,2800,1,2800,11,,,0
TRA,,,808.52001953125,1,825,60,,,0,900,,,0,,,0,850.7100219726562,,,0,,,0,1225,6,1100,28,,,0,850.7100219726562,,,0,,,0,2000,,,0,,,0
TRN,,,480,82,480,497,30,325,1659,250,50,330,172,30,181,675,189.47000122070312,,,0,,,0,300,65,300,65,904,250,1260,189.47000122070312,,,0,,,0,250,735,250,835,4,200,230
TRU,,,239.9499969482422,132,238,2033,438,200,1673,250,425,250,1572,2,175,327,225,,,0,,,0,325,210,300,1044,40,125,40,350,60,350,88,1,62.5,1,296.95001220703125,48,296.95001220703125,639,3,162,278
TS,,,100,,,0,120,50,120,105,59,105,59,59,77,59,74.80999755859375,,,0,,,0,99.01000213623047,100,250,100,146,99.01000213623047,500,74.80999755859375,,,0,,,0,145,45,144.99000549316406,239,100,100,310
TSH,,,32000,5,32000,9,10,21000,13,28814.490234375,7,30000,7,,,0,16496.119140625,,,0,,,0,25000,2,50000,27,70,25000,75,16496.119140625,,,0,,,0,30018,,,0,3,30016,6
TUB,,,197.75999450683594,40,200,40,150,100,150,165,100,150,800,80,125,80,167.9499969482422,,,0,,,0,125,2671,180,3421,980,125,980,120,,,0,,,0,250,20,199.99000549316406,1020,,,0
UTS,2200,,4500,,,0,4,3100,1166,3000,,,0,1,5000,125,3426.780029296875,,,0,,,0,3000,1,4000,61,832,3000,932,3426.780029296875,,,0,,,0,6000,51,6000,75,8,2500,108
VCB,,,400000,1,400000,1,,,0,327870.03125,,,0,,,0,327870.03125,,,0,,,0,327870.03125,,,0,,,0,327870.03125,,,0,,,0,327870.03125,,,0,,,0
VEG,88,,100,6,135,465,423,100,966,139.2899932861328,13,149.9499969482422,97,400,100,1290,100,51,100,51,,,0,138.97999572753906,50,138.99000549316406,2331,456,115,2237,100,,,0,,,0,147.99000549316406,51,147.99000549316406,305,30,102.05999755859375,1949
VG,,,9788.7900390625,127,9750,190,10,4100,140,11250,28,11250,28,10,3518,221,2500,,,0,,,0,6000,10,12000,10,40,5000.009765625,396,2500,,,0,,,0,8866.8798828125,20,8833.8798828125,116,10,3661.02001953125,181
VIT,,,555.5499877929688,,,0,100,50,100,650,420,499,420,,,0,337.3299865722656,,,0,,,0,500,,,0,40,200,40,337.3299865722656,,,0,,,0,300,39,633.3599853515625,53,40,200,40
VSC,,,40000,1,40000,1,,,0,16575.669921875,1,20000,1,,,0,16575.669921875,,,0,,,0,44000,,,0,,,0,16575.669921875,,,0,,,0,16575.669921875,,,0,,,0
W,,,13000,4,13995,54,43,13000,51,11687.5,3,12000,3,,,0,6255.1201171875,,,0,,,0,18000,3,17900,70,,,0,6255.1201171875,,,0,,,0,15000,12,14750,17,,,0
WAI,,,100000,11,99000,15,10,70000,20,90000,,,0,,,0,52242.44921875,,,0,,,0,81696.5078125,2,81999.9921875,62,10,70000,10,52242.44921875,,,0,,,0,100000,11,100000,11,,,0
WAL,,,5000,16,5000,16,,,0,4000,30,4000,40,,,0,2803.2900390625,,,0,,,0,6000,3,6000,78,,,0,2803.2900390625,,,0,,,0,6000,1,6000,1,,,0
WCB,,,300000,2,400000,2,,,0,250000,,,0,1,250000,1,329430.03125,,,0,,,0,290000,10,325000,19,,,0,329430.03125,,,0,,,0,325000,2,325000,2,,,0
WIN,,,4750,10,4250,10,4,3800,14,3729.909912109375,,,0,,,0,2950.47998046875,,,0,,,0,5000,50,5000,50,14,2750,104,2950.47998046875,100,5000,100,,,0,4750,20,4750,22,4,3200,132
WM,,,6845.89990234375,,,0,,,0,5000,,,0,,,0,6845.89990234375,,,0,,,0,12000,16,10000,63,,,0,6845.89990234375,,,0,,,0,6845.89990234375,,,0,,,0
WOR,,,85079.6328125,,,0,,,0,85079.6328125,,,0,,,0,85079.6328125,,,0,,,0,85079.6328125,,,0,10,85000,10,85079.6328125,,,0,,,0,85079.6328125,2,212000,2,,,0
WR,50000,,78600.953125,,,0,100,50000,100,50001,,,0,1,50000.01171875,101,78600.953125,,,0,,,0,50000,,,0,100,50000,100,78600.953125,,,0,,,0,78600.953125,,,0,100,50000,100
WS,,,4200,15,4200,64,5,3100.010009765625,21,5000,21,5000,21,15,2000,15,2609.800048828125,,,0,,,0,4750,25,4750,25,10,2875.010009765625,42,2609.800048828125,,,0,,,0,2001,17,5750,22,6,2001,41
ZIR,,,1000,,,0,50,400,50,941.0700073242188,40,800,267,206,350,206,117.55000305175781,,,0,,,0,450,1812,450,3824,110,400,516,117.55000305175781,,,0,,,0,1000,52,1000,52,20,550,20
ZR,,,11000,9,12500,12,16,11000,29,11700,6,10000,110,,,0,5988.47998046875,,,0,,,0,10000,9,9500,21,40,6000,40,5988.47998046875,,,0,,,0,12000,10,20000,10,,,0
